3.422910531172005576e+05 4.777740363479495049e+06 6.371005418482345529e+06
3.422780525059666834e+05 4.777751609494659118e+06 6.371000550520975143e+06
3.423544274841793813e+05 4.777718690010458231e+06 6.371002766752424650e+06
3.423292157290527830e+05 4.777784671567500569e+06 6.371004462662098929e+06
3.423604034956423566e+05 4.777781803438861854e+06 6.371004265624630265e+06
3.423284602034637355e+05 4.777790233755520545e+06 6.371002675618864596e+06
3.422919469853131450e+05 4.777712539965643547e+06 6.371001032911824062e+06
3.423082369248265168e+05 4.777747347229405306e+06 6.371001303604850546e+06
3.423139665708763059e+05 4.777742206223327667e+06 6.371009724931769073e+06
3.423629655590662151e+05 4.777771211742747575e+06 6.371000423834800720e+06
3.423615139199149562e+05 4.777707336521958001e+06 6.371005347219641320e+06
3.423314114728729473e+05 4.777787557462602854e+06 6.371005661907915026e+06
3.422984944834707421e+05 4.777786426113739610e+06 6.371005715945014730e+06
3.423086088819543947e+05 4.777806424985138699e+06 6.371000123961099423e+06
3.423591765592533629e+05 4.777799298533591442e+06 6.371005528996963985e+06
3.423435574773782864e+05 4.777796740105740726e+06 6.371003938704710454e+06
3.423123570766042685e+05 4.777783368158218451e+06 6.371003696283833124e+06
3.423176263008305687e+05 4.777804078216431662e+06 6.371005768622835167e+06
3.423728023016868392e+05 4.777709045514377765e+06 6.371000675273722969e+06
3.422923084668048541e+05 4.777770123743905686e+06 6.371007363129526377e+06
3.422814302514794981e+05 4.777787441929566674e+06 6.371008915446749888e+06
3.422967017101223464e+05 4.777790021469592117e+06 6.371009537946073338e+06
3.422916888997707283e+05 4.777734369702809490e+06 6.371009633000481874e+06
3.423216866985324887e+05 4.777775188259245828e+06 6.371000731247326359e+06
3.423526324396999553e+05 4.777768645840060897e+06 6.371000981828987598e+06
3.423218758604582399e+05 4.777761765366605483e+06 6.371000672535302117e+06
3.423020888135355781e+05 4.777755227641544305e+06 6.371006185327406041e+06
3.422941201462723548e+05 4.777773083191342652e+06 6.371002732519299723e+06
3.423731302605434903e+05 4.777723814718367532e+06 6.371007242484644987e+06
3.423591411253153346e+05 4.777710822556014173e+06 6.371009191004937515e+06
3.423140703031602316e+05 4.777710084696033970e+06 6.371006937534978613e+06
3.423597842652014806e+05 4.777749610747885890e+06 6.371001560979159549e+06
3.423012843319001840e+05 4.777756469547622837e+06 6.371008458509415388e+06
3.423272170942250523e+05 4.777789717194980942e+06 6.371003352428907529e+06
3.423181228947083000e+05 4.777708338737960905e+06 6.371001168572855182e+06
3.422847886936801369e+05 4.777804453777041286e+06 6.371005632761033252e+06
3.423329211885412224e+05 4.777710391670132056e+06 6.371009397662129253e+06
3.423033878647821839e+05 4.777763407477849163e+06 6.371009832818288356e+06
3.423499323941044277e+05 4.777746946433324367e+06 6.371000875813973136e+06
